[Grass.jpg]
filters=Lomo=1,50.000000,68.421051;
moddate=576d762a580cd601
width=502
height=753
textactive=0
